Name,County,Sites,FullstreetAddress,House district,Senate district
Pridnia's Mobile Home Park, Alcona ,,"116 West Church, Harrisville, MI, 48740",106,36
Ausable Mobile Home Village, Iosco ,15,"331 First Street, Oscoda, MI, 48750",99,36
Ossineke Mobile Home Park, Montmorency ,12,"Block 1, Old Ossineke Road, Ossineke, MI, 49766",106,36
Rose Lane Trailer Court, Iosco ,35,"4263 Bissionette, Oscoda, MI, 48750",99,36
Van Ettan Village, Iosco ,32,"4385 Van Ettan Dam Road, Oscoda, MI, 48750",99,36
Hubbard Lake Trailer Park, Oscoda ,,"7298 Hurbert Road, Hubbard Lake, MI, 49747",106,36
Oscoda Mobile Home Park, Iosco ,,"6445 Seminole Street, Oscoda, MI, 48750",99,36
Riverview Mobile Home Park, Montmorency ,,"13021 Us 23 South, Ossineke, MI, 49766",106,36
Village Court, Montmorency ,,"2300 Papin Street, Ossineke, MI, 49766",106,36
Island View Estates, Luce ,37,"801 Prospect Street, Munising, MI, 49862",109,38
Pioneer Village, Marquette ,90,"777 Pioneer Road, Site 169, Marquette, MI, 49855",109,38
Silver Creek Estates, Marquette ,90,"627 Willow Road, Marquette, MI, 49855",109,38
Brier's Mobile Home Court, Delta ,10,"8467 P5 Road, Gladstone, MI, 49837",108,38
Oak Bluff Estates, Delta ,175,"2722 South Hill Road, Gladstone, MI, 49837",108,38
Birch Grove Mobile Home Community, Marquette ,80,"500 Pioneer Road, Marquette, MI, 49855",109,38
NorthernAir Mobile Estates, Marquette ,150,"642 South Mackinac Lane, Gwinn, MI, 49841",109,38
Whispering Pines Mobile Home Park, Delta ,,"8741 0.8 Lane, Gladstone, MI, 49837",108,38
553 Mobile Estates, Marquette ,,"Box 100 Star Route, Gwinn, MI, 49841",109,38
Lake Bluff Retirement Village, Delta ,,"401 Kenneally Blvd., Gladstone, MI, 49837",108,38
Pine Acres Trailer Court, Marquette ,,"3000 Us 41 South, Marquette, MI, 49855",109,38
Whitefish Hill Trailer Court, Delta ,,"8455 Us Highway 2, Rapid River, MI, 49878",108,38
Hunters Glen, Allegan ,280,"1132 Hunters Glen Boulevard, Wayland, MI, 49348",79,18
Dover Farms, Allegan ,60,"1590 Dover Drive, Martin, MI, 49070",43,18
Dumont Creek Estates, Allegan ,75,"1925 Laura Street, Allegan, MI, 49010",43,20
Gun Lake Manufactured Home Community, Allegan ,59,"19985 Marsh Road, Shelbyville, MI, 49344",43,18
Country Meadows, Wayne ,577,"3211 Will Carleton Road, Flat Rock, MI, 48134",29,4
Windsor Woods Village, Allegan ,314,"1135 West Superior Street, Wayland, MI, 49348",43,18
Rabbit River , Allegan ,102,"3471 Homer Drive, Wayland, MI, 49348",43,18
Yankee Springs Meadows, Allegan ,284,"1330 North Patterson Road, Wayland, MI, 49348",43,18
Watson Mobile Home Community, Allegan ,176,"1362 East M-89, Otsego, MI, 49078",42,18
Circle Inn Mobile Park, Allegan ,20,"11985 Marsh Road, Shelbyville, MI, 49344",43,18
Country Acres Mobile Home Park, Ottawa ,100,"A-5904 142nd Avenue, Holland, MI, 49423",43,31
Dogwood Manor, Allegan ,76,"5289 124th Avenue, Fennville, MI, 49408",43,20
Douglas Estates, Allegan ,175,"2734 Blue Star Highway, Fennville, MI, 49408",38,20
Dunlop's Orchard Mobile Home Park, Allegan ,22,"12703 Pine Lake Rd, Plainwell, MI, 49080",43,18
Lake Park Trailer Resort, Allegan ,60,"2126 Lakeshore Drive, Fennville, MI, 49408",38,20
Maple Grove Estates, Lapeer ,210,"2070 South Almont Road, Imlay City, MI, 48444",65,26
Orchard Hills Village, Allegan ,167,"2400 56th Street, Fennville, MI, 49408",43,20
Pine Crest Mobile Villa, Allegan ,82,"1160 West Bridge Street, Plainwell, MI, 49080",42,18
Pine Ridge Community, Allegan ,49,"4629 134th Avenue, Hamilton, MI, 49419",43,20
Riverside Estates Mobile Home Community, Allegan ,41,"6200 Arrowhead Drive, Fennville, MI, 49408",38,20
Huron Lake Estates, Presque Isle ,36,"1121 Bare Point Road, Alpena, MI, 49707",106,36
Lake Shore Estates, Presque Isle ,58,"8924 West Long Lake Road, Alpena, MI, 49707",106,36
Alpena Mobile Home Court, Presque Isle ,,"624 Ripley Boulevard, Alpena, MI, 49707",106,36
Long Lake Trailer Court, Presque Isle ,,"10080 Us 23 North, Alpena, MI, 49707",106,36
Mancelona Chamber Park, Otsego ,15,"Franklin Street, Mancelona, MI, 49659",105,37
Vacation Village Mobile Home Park, Leelanau ,65,"601 Shadywood, Elk Rapids, MI, 49629",104,37
Evergreen MHP, Otsego ,70,"707 State Street, East Jordan, MI, 49727",107,37
Chain O' Lakes Campground & Mobile Home Park, Kalkaska ,15,"7231 S M 88 Highway, Bellaire, MI, 49615",104,37
Town and Country, Leelanau ,192,"849 Manor Lane, Traverse City, MI, 49686",103,37
Fox Run, Otsego ,140,"141 Fox Run Street, Boyne City, MI, 49712",107,37
Lakeview Village Mobile Home Park, Otsego ,152,"526 North Lake Street, Boyne City, MI, 49712",107,37
Woodcreek, Leelanau ,219,"501 Woodcreek Boulevard, Traverse City, MI, 49686",103,37
Valley Mobile Home Park, Kalkaska ,10,"1268 Wood Road, Rapid City, MI, 49676",104,36
Cherryland Mobile Home Park, Leelanau ,52,"3011 North Garfield, Traverse City, MI, 49686",103,37
Valleywood Cove, Leelanau ,,"996 Garfield Woods Drive Suite D, Traverse City, MI, 49686",103,37
O & M Mobile Home Park, Ogemaw ,40,"1090 Michigan 76, Alger, MI, 48610",99,36
Au Gres Harbor Mobile Court, Arenac ,,"330 South Main Street, Au Gres, MI, 48703",99,36
Lakeshore Village, Gladwin ,29,"4061 Lakeshore Drive, Gladwin, MI, 48624",99,34
Lakefront Estates, Gladwin ,68,"385 West Brown Street, Beaverton, MI, 48612",95,34
Pleasant Beach Mobile Home Resort, Gladwin ,101,"4991 Wixom Road, Beaverton, MI, 48612",95,34
Westgate Trails, Bay ,50,"Lawrence & Horn Roads, Pinconning, MI, 48650",99,36
Greenbriar Village, Gladwin ,69,"1305 North Springs Street, Gladwin, MI, 48624",99,34
Tawas River Trailer Park, Iosco ,65,"560 East M-55, Tawas City, MI, 48763",99,36
Twin Pines Mobile Home Park, Oscoda ,30,"1766 Rau Road, West Branch, MI, 48661",99,36
Wixom Waters, Midland ,51,"Po Box 222, Edenville, MI, 48620",95,34
Country Village Estates, Oscoda ,53,"2522 Woodlawn Drive, West Branch, MI, 48661",99,36
Riverview Mobile Park, Gladwin ,48,"2577 Lake Shore Drive, Gladwin, MI, 48624",99,34
Gladwin Village, Gladwin ,,"805 North Bowery Avenue, Gladwin, MI, 48624",99,34
Key Mobile Home Court, Gladwin ,,"221 North Lakeview Drive, Gladwin, MI, 48624",99,34
L'anse Mobile Home Court, Houghton ,40,"99 Kelly Street, L Anse, MI, 49946",109,38
Sunnyside & Forest Lane MHC, Marquette ,134,"728 N. Lake Dr, Ishpeming, MI, 49849",109,38
Forest Lane Mobile Park, Marquette ,20,"3310 County Road 496, Ishpeming, MI, 49849",109,38
Beachview Mobile Court, Ontonagon ,20,"1845 Jasberg Street, Hancock, MI, 49930",110,38
Birch Grove, Ontonagon ,31,"400 Elevation St, Hancock, MI, 49930",110,38
Fob's Shady Acres, Iron ,,"1501 Us 2 West, Crystal Falls, MI, 49920",110,38
Hiawatha Country Estates, Ontonagon ,,"220 Hiawatha Drive, Iron River, MI, 49935",110,38
US 41 Trailer Court, Marquette ,,"140 Midway Drive, Negaunee, MI, 49866",109,38
Meadowstone Manufactured Home Community, Barry ,231,"1812 Lavender Dr, Hastings, MI, 49058",78,18
Cider Mill Village, Barry ,258,"425 Cider Mill Drive, Middleville, MI, 49333",79,18
Thornapple Lake Estates, Barry ,215,"6335 Thornapple Lake Road, Nashville, MI, 49073",78,18
Baltimore Terrace Mobile Home Park, Barry ,62,"1485 Sandy Circle, Hastings, MI, 49058",78,18
Merlinos Hidden Valley Estates, Barry ,78,"4777 Barber Road, Hastings, MI, 49058",78,18
Pine Haven Subdivision, Barry ,,"Pinedale, Hastings, MI, 49058",79,18
Barry's Resort, Barry ,50,"2875 South Charlton Park Road, Hastings, MI, 49058",78,18
Westshore Estates, Bay ,110,"3201 South Euclid Avenue, Bay City, MI, 48706",96,35
Alpine Village Mobile Home Park, Bay ,120,"2959 East Alpine Boulevard, Bay City, MI, 48706",96,35
White Birch Estates, Osceola ,50,"411 Dailey Drive, Reed City, MI, 49677",100,34
Westwood Village, Bay ,240,"2904 Stratford, Bay City, MI, 48706",96,35
Fairfield Manor, Bay ,137,"1016 Parkside Boulevard, Bay City, MI, 48706",96,35
Saginaw Bay Estates, Bay ,309,"1760 Saginaw Bay Estates Dr, Essexville, MI, 48732",96,35
Brentwood Estates, Bay ,150,"3278 Brentwood Drive, Bay City, MI, 48706",96,35
Wenona Beach Estates, Bay ,184,"4444 National Avenue, Bay City, MI, 48706",96,35
Willow Tree Village, Bay ,78,"3840 Riata Dr, Bay City, MI, 48706",96,35
Bay Village Mobile Home Estates, Bay ,102,"1274 West Hampton Road, Essexville, MI, 48732",96,35
Bayco Mobile Home Park, Bay ,61,"2836 East Biscayne Drive, Bay City, MI, 48706",96,35
Pines Trailer Park, Bay ,29,"2080 South Huron Road, Kawkawlin, MI, 48631",96,35
Shady Rest Mobile Home Park, Bay ,129,"3612 East Shod Street, Bay City, MI, 48706",96,35
Linwood Mobile Home Park, Bay ,,"1815 Pamela Drive, Linwood, MI, 48634",96,35
Mulberry Place, Bay ,,"2627 Broadway, Bay City, MI, 48708",96,35
Harbor Village Community, Manistee ,17,"1208 Elm Street, Frankfort, MI, 49635",104,32
Crystal Lake Mobile Home Park, Manistee ,47,"6695 Spruce Drive, Benzonia, MI, 49616",104,32
Hillside Mobile Home Park, Manistee ,,"857 Glenn Avenue, Elberta, MI, 49628",104,32
Meadow Lane, Leelanau ,483,"4310 Meadowlane Drive, Traverse City, MI, 49684",103,37
Suburban Estates Mobile Home Park, Leelanau ,75,"7230 Suburban Drive, Traverse City, MI, 49684",103,37
"Burke Silver Lake View, LLC", Leelanau ,49,"5099 Silver Lake View Road, Traverse City, MI, 49684",103,37
Dorsey's on Glen Lake, Leelanau ,54,"8648 South Dorsey Park Road, Empire, MI, 49630",103,37
First Point Mobile Home Court, Leelanau ,53,"7903 Birchpoint Drive, Traverse City, MI, 49684",103,37
Silver Shores Manufactured Home Community, Wexford ,200,"1257 Overlook Drive, Traverse City, MI, 49685",104,37
Buena Vista Estates, Wexford ,68,"17426 Honor Highway, Interlochen, MI, 49643",104,32
Kampvilla RV Park, Manistee ,40,"16632 Pleasanton Highway, Bear Lake, MI, 49614",104,32
Pat's Place, Wexford ,20,"2951 North 7 Road, Mesick, MI, 49668",101,36
White Pines Mobile Home Park, Wexford ,33,"Paul Drive, Mesick, MI, 49668",101,36
R & R Chervenka, Leelanau ,,"9640 Crain Hill Road, Traverse City, MI, 49684",103,37
Warren Dunes Village, Berrien ,314,"11159 Red Arrow Highway, Bridgman, MI, 49106",38,17
Pleasant View Estates, Van Buren ,209,"7604 Red Arrow Highway, Watervliet, MI, 49098",39,20
Silverbrook, Berrien ,176,"1000 West Wildflower, Niles, MI, 49120",37,17
North Shore Estates, Berrien ,97,"1565 M 63 North, Benton Harbor, MI, 49022",38,20
Hills Haven, Berrien ,94,"4205 Hills Haven Rd., Buchanan, MI, 49107",37,17
Lakewood Estates, Ionia ,89,"1615 Tupperlake Street, Lake Odessa, MI, 48849",78,18
Sand Hill Community, Berrien ,80,"5080 Saint Joseph Avenue, Stevensville, MI, 49127",38,20
Riverside Estates, Berrien ,87,"14566 North Red Bud Trail, Buchanan, MI, 49107",37,17
Birchcrest Estates, Berrien ,110,"2330 East Main Street, Niles, MI, 49120",37,17
Shawnee Community, Berrien ,161,"1558 West Shawnee Road, Baroda, MI, 49101",37,17
Baroda Estates, Berrien ,151,"8836 Stevensville Baroda Road, Baroda, MI, 49101",37,17
Country Acres Manufactured Home Community, Berrien ,64,"2615 Old Us 31, Niles, MI, 49120",37,17
Franklin Woods, Berrien ,268,"1950 South 13th Street, Niles, MI, 49120",37,17
Glen Aire Mobile Home Park, Berrien ,130,"1153 West Glenlord Road, Saint Joseph, MI, 49085",38,20
Indian Lake Woods, Berrien ,14,"54750 Highland Dr, Eau Claire, MI, 49111",37,17
Lakeshore Estates, Berrien ,98,"3017 Johnson Road, Stevensville, MI, 49127",38,20
Lakeside Cabins Resort, Berrien ,225,"7650 Warren Woods Rd, Three Oaks, MI, 49128",38,17
Niles Pines Mobile Estates, Berrien ,80,"900 Mobile Boulevard, Niles, MI, 49120",37,17
Ontario Place, Berrien ,130,"2006 Ontario Road, Niles, MI, 49120",37,17
Ravine View Estates, Berrien ,158,"5100 Little Paw Paw Lake Road 6A, Coloma, MI, 49038",39,20
Ravines Mobile Home Park, Berrien ,225,"2088 East Empire Avenue, Benton Harbor, MI, 49022",38,20
River Springs Estates, Berrien ,198,"9387 Us Highway 31, Berrien Springs, MI, 49103",37,17
Tallgrass an FR Community, Branch ,239,"260 East Garfield Avenue, Coldwater, MI, 49036",35,17
North Trail Village, Branch ,42,"100 North Main Street, Quincy, MI, 49082",35,17
Grand Village Mobile Home Park, Branch ,25,"598 Union City Road, Coldwater, MI, 49036",35,17
Love's Lazy Lagoon, Branch ,61,"622 N Union City Rd, Coldwater, MI, 49036",35,17
Raymond's Landing, Branch ,70,"259 Earl Helen Dr, Coldwater, MI, 49036",35,17
Somerset Mobile Home Park, Branch ,56,"117 Burch Road, Coldwater, MI, 49036",35,17
Trail Tree Village, Branch ,143,"175 North Michigan Avenue, Coldwater, MI, 49036",35,17
Lakecrest Mobile Court, Branch ,23,"645 Lakecrest Drive, Coldwater, MI, 49036",35,17
Turtle Lake, Branch ,,"2101 9 Mile Road, Union City, MI, 49094",45,18
Avra Estates II, Branch ,30,"27 West Garfield Avenue, Coldwater, MI, 49036",35,17
Mobile Manor Park, Branch ,29,"104 First Street, Bronson, MI, 49028",35,17
Apollo XI Mobile Home Park, Branch ,72,"550 East Chicago Street, Coldwater, MI, 49036",35,17
Cambridge Village, Branch ,32,"748 Lott Road, Coldwater, MI, 49036",35,17
Countryside Mobile Court, Branch ,24,"191 North Fillmore Court, Coldwater, MI, 49036",35,17
Avra Estates, Branch ,143,"11 West Garfield Avenue, Coldwater, MI, 49036",35,17
Kinsley Mobile Home Park, Branch ,20,"587 Marshall Road, Coldwater, MI, 49036",35,17
Cole's Chippewa Circle Mobile Home Park, Branch ,,"356 Chippewa Drive, Sherwood, MI, 49089",35,17
Green Acres Mobile Home Park, Branch ,,"151 Wheatfield Drive, Sherwood, MI, 49089",35,17
Indian Cove Mobile Home Park, Branch ,,"2928 Matteson Lake, Bronson, MI, 49028",35,17
Northmoor Estates, Branch ,,"228 North Moor Drive, Coldwater, MI, 49036",35,17
Thunderbird Village, Calhoun ,8,"1145 Harmonia, Springfield, MI, 49015",44,18
Hickory Hills Village, Calhoun ,283,"10450 Six Mile Road, Battle Creek, MI, 49014",45,18
Bedford Hills, Calhoun ,339,"110 Bejac Circle Drive, Battle Creek, MI, 49017",44,18
Avenue A Mobile Home Park, Calhoun ,145,"1267 Avenue A, Springfield, MI, 49015",44,18
Creek Valley Mobile Home Park, Calhoun ,166,"79 Creek Valley Circle, Battle Creek, MI, 49017",44,18
Glenmoor Village, Calhoun ,139,"3971 Capital Avenue SW #1, Battle Creek, MI, 49015",45,18
Wildflower Crossing, Calhoun ,344,"1642 Alyssum Court, Albion, MI, 49224",44,17
New Village Estates, Calhoun ,130,"430 South Byron, Homer, MI, 49245",45,17
Avonwood Mobile Home Park, Calhoun ,55,"953 East Michigan Avenue, Battle Creek, MI, 49017",45,18
Birchwood Place Mobile Home Park, Calhoun ,70,"3500 Q Drive South, Athens, MI, 49011",45,18
Lighthouse On The Lake, Calhoun ,788,"1001 24 Mile Road, Homer, MI, 49245",45,17
The Community of Rolling Hills, Calhoun ,343,"300 Morgan Road, Battle Creek, MI, 49017",44,18
Twin Pines MHC, Calhoun ,73,"2701 Calhoun Road, Albion, MI, 49224",44,17
Twin Valley Mobile Home Village, Calhoun ,36,"16555 F Drive South, Marshall, MI, 49068",45,18
Spruce Tree Mobile Home Community, Calhoun ,80,"14200 - 18 1/2 Mile Road, Marshall, MI, 49068",45,17
Bakers Mobile Home Park, Calhoun ,120,"1030 East Columbia Avenue, Battle Creek, MI, 49015",45,18
Valley Garden Trailer Park, Calhoun ,38,"897 East Michigan, Battle Creek, MI, 49017",45,18
Evergreen Oak Forest, Calhoun ,103,"20 Powell Street, Battle Creek, MI, 49014",45,18
Sunrise Mobile Home Court, Calhoun ,33,"15011 West Michigan Avenue, Marshall, MI, 49068",45,18
Harper Commons MHC, Calhoun ,,"993 East Michigan Avenue, Battle Creek, MI, 49014",45,18
Rainbow Estates Mobile Park, Calhoun ,,"875 East Michigan Avenue, Marshall, MI, 49068",45,18
Edwardsburg Estates, Cass ,109,"69425 M-62, Edwardsburg, MI, 49112",36,17
Colonial Acres Mobile Home Park, Cass ,108,"69205 Garver Lake, Edwardsburg, MI, 49112",36,17
Beech Grove, Cass ,,"51439 Michigan 40, Marcellus, MI, 49067",36,17
Bluegill Lake MHP, Cass ,39,"400 East South Street, Marcellus, MI, 49067",36,17
C&M Park, Cass ,26,"70710 Elkhart Rd., Edwardsburg, MI, 49112",36,17
Rustic Acres Mobile Home Park, Cass ,70,"19250 Stateline Road, Edwardsburg, MI, 49112",36,17
Wildwood Resort, Cass ,163,"23040 Phillips Road, Edwardsburg, MI, 49112",36,17
Simmons Mobile Home Park, Cass ,,"19311 Us Highway 12, Edwardsburg, MI, 49112",36,17
Maple Grove Trailer Court, Cass ,75,"59733 Decatur Road, Cassopolis, MI, 49031",36,17
North Wayne Estates, Cass ,10,"27139 Corwin Street, Dowagiac, MI, 49047",37,17
Rema Mobile Home Park, Cass ,92,"24050 North Shore Drive, Edwardsburg, MI, 49112",36,17
Linden Mobile Home Park, Cass ,,"19350 State Line Road, Edwardsburg, MI, 49112",36,17
Bay Shore Estates Mobile Home Park, Emmet ,83,"7463 Old Us Highway 31, Lot 24, Petoskey, MI, 49770",107,37
Charlevoix Estates, Charlevoix ,189,"6685 M 66 North, Charlevoix, MI, 49720",107,37
Lake Michigan Heights, Charlevoix ,108,"7400 Lakeview Drive, Charlevoix, MI, 49720",107,37
Sun Outdoors Petoskey Bay Harbor, Emmet ,78,"5505 Charlevoix Avenue, Petoskey, MI, 49770",107,37
Petoskey KOA, Emmet ,,"1800 North Us 31, Petoskey, MI, 49770",107,37
Harbor Springs Estates, Emmet ,68,"629 East Lake Street, Harbor Springs, MI, 49740",107,37
Mountain View Estates, Otsego ,42,"2225 Center Street, Boyne Falls, MI, 49713",107,37
Radio City Village, Emmet ,44,"1121 Lears Road, Petoskey, MI, 49770",107,37
Chalet Estates, Emmet ,41,"5669 Pickerel Lake Road, Petoskey, MI, 49770",107,37
Huron Estates, Wayne ,806,"22000 Inkster Road, Romulus, MI, 48174",29,4
Town & Country Mobile Home Park, Presque Isle ,,"2653 Vanyea Road, Cheboygan, MI, 49721",106,37
Indian River Mobile Home Park, Cheboygan ,,"5144 South Straits Highway, Indian River, MI, 49749",106,37
Indian Village Park, Cheboygan ,,"4726 Lanai Drive, Indian River, MI, 49749",106,37
Larry's Trailer Court, Presque Isle ,,"10692 North Black River Road, Cheboygan, MI, 49721",106,37
Conway Commons, Emmet ,90,"2959 Oden Rd, Alanson, MI, 49706",107,37
Conway Commons, Emmet ,90,"8523 Park Way, Alanson, MI, 49706",107,37
Alanson Estates Noble Homes, Emmet ,30,"6760 Us 31 North, Alanson, MI, 49706",107,37
El Rancho Alanson RV Resort, Emmet ,137,"6712 San Juan, Alanson, MI, 49706",107,37
Shady Grove Village, Presque Isle ,,"4128 Michigan, Onaway, MI, 49765",106,36
Lake Superior Estates, Luce ,225,"102 East 25th Avenue, Sault Sainte Marie, MI, 49783",107,37
Blair Hastings Park Lake Superior State, Mackinac ,,"1000 College Drive, Sault Sainte Marie, MI, 49783",107,37
L & M Trailer Court, Luce ,133,"1804 West 18th Street, Sault Sainte Marie, MI, 49783",107,37
Riverside Mobile Home Village, Mackinac ,60,"2210 Riverside Drive, Sault Sainte Marie, MI, 49783",107,37
Fornicola Trailer Park, Mackinac ,,"2501 Ashmun Street, Sault Sainte Marie, MI, 49783",107,37
Great Northern Mobile Home Park, Luce ,,"M-28 Highway, Newberry, MI, 49868",109,38
Meadows of Farwell, Clare ,48,"551 Grace Street, Farwell, MI, 48622",100,34
Pleasant Valley Mobile Home Park, Clare ,,"600 West 5th Street, Clare, MI, 48617",100,34
Cedar Shores, Missaukee ,,"5916 Cedar Shores, Harrison, MI, 48625",100,34
Hidden Hill Family Campground, Missaukee ,55,"300 North Clare, Harrison, MI, 48625",100,34
Harrison Estates, Missaukee ,50,"2600 Mostetler Road, Harrison, MI, 48625",100,34
Beech Tree Estates, Clare ,,"7413 North Nottawa Road, Farwell, MI, 48622",92,34
Loomis Resort, Osceola ,,"10585 Rock Road, Lake, MI, 48632",100,34
Luke's Trailer Park, Clare ,,"705 S Rainbow Dr, Clare, MI, 48617",100,34
Parkers Trailer Park, Missaukee ,,"3100 Long Lake Road, Harrison, MI, 48625",100,34
Ruby's Mobile Home Park, Clare ,,"10600 South Clare Avenue, Clare, MI, 48617",100,34
Withii Trailer Park, Missaukee ,,"1820 Hampton Road, Harrison, MI, 48625",100,34
King Arthur's Court, Clinton ,425,"2201 East State Road, Lansing, MI, 48906",77,28
Capital Crossings, Clinton ,275,"13531 Declaration Court, Eagle, MI, 48822",77,28
Cadgewith Farms, Clinton ,228,"2300 East State Road, Lansing, MI, 48906",77,28
Valley Estates, Ingham ,148,"16751 Turner Road, Lansing, MI, 48906",77,28
The Meadows of St Johns, Clinton ,216,"2265 W Parks Rd - Lot #1, Saint Johns, MI, 48879",75,28
Quiet Cove, Shiawassee ,43,"12675 Colby Lake Road, Laingsburg, MI, 48848",75,28
Kristana Mobile Home Park, Clinton ,165,"1110 East Coleman Road, Lansing, MI, 48906",75,28
Maple Leaf Community, Shiawassee ,76,"8701 East M-21, Ovid, MI, 48866",71,28
Saint Johns Estates, Clinton ,112,"609 North Morton Street, Saint Johns, MI, 48879",75,28
Moon Lake Mobile Home Park, Shiawassee ,92,"12700 South Colby Lake Road, Laingsburg, MI, 48848",75,28
Maple Valley Subdivision, Shiawassee ,35,"Meridian Road - Po Box 135, Ovid, MI, 48866",75,28
Westphalia Mobile Home Court, Clinton ,8,"13606 Jason Rd, Westphalia, MI, 48894",77,28
Park Lake Mobile Home Court, Clinton ,48,"6335 Park Lake Road, Bath, MI, 48808",75,28
Crosswinds Mobile Home Park, Clinton ,90,"14073 South Us Highway 27, Dewitt, MI, 48820",77,28
Hartwick Pines Mobile Home Estates, Oscoda ,52,"4869 Brighton Circle, Grayling, MI, 49738",105,36
Grayling Mobile Home Estates, Oscoda ,163,"North Down River Road, Grayling, MI, 49738",105,36
Timberly Village, Oscoda ,,"243 Woodlawn Boulevard, Grayling, MI, 49738",105,36
Aspen Village, Otsego ,204,"204 Aspen Commons Drive, Gaylord, MI, 49735",105,36
Nottingham Forest, Otsego ,74,"1665 West M-32, Gaylord, MI, 49735",105,36
Sunset Estates of Gaylord LLC, Otsego ,20,"7346 Old 27 Hwy South, Vanderbilt, MI, 49795",105,36
Higgins Lake East Campground and Mobile Home Park, Roscommon ,,"2380 West Burdell Road, Roscommon, MI, 48653",105,36
Higgins Lake Hide-a-way Mobile Home Park, Roscommon ,,"6059 West Higgins Lake Drive, Higgins Lake, MI, 48627",105,36
Log Haven Mobile Home Park, Otsego ,,"273 Randolph Street, Gaylord, MI, 49735",105,36
Wagon Wheel Estates, Roscommon ,,"2720 West Higgins Lake Road, Roscommon, MI, 48653",105,36
Woodland Estates, Kalamazoo ,348,"4797 South 4th Street, Kalamazoo, MI, 49009",40,19
Fair View Estates, Delta ,,"1401 North 23rd Street, Escanaba, MI, 49829",108,38
White Birch Village, Iron ,249,"W8079 S Us Hwy 2/141, Iron Mountain, MI, 49801",110,38
Park Ridge, Iron ,94,"1300 Michigan Avenue, Office, Iron Mountain, MI, 49801",110,38
Rivers Bend Mobile Park, Iron ,51,"N3905 Pine Mountain Rd, Iron Mountain, MI, 49801",110,38
Kensington Meadows, Ingham ,290,"4245 West Jolly Road, Lansing, MI, 48911",76,21
Windsor Estates, Eaton ,470,"6661 Canal Road, Dimondale, MI, 48821",76,21
Eaton Pine Village, Eaton ,147,"458 Eaton Pines Blvd, Eaton Rapids, MI, 48827",76,21
Butternut Creek, Eaton ,30,"801 Packard Highway, Charlotte, MI, 48813",76,21
Grand Ledge Ravines, Eaton ,218,"855 West Jefferson Street, Grand Ledge, MI, 48837",77,21
Park Terrace MHC, Eaton ,158,"3435 West Saint Joseph Street, Lansing, MI, 48917",77,21
Century Park, Eaton ,230,"215 North Canal Road, Lansing, MI, 48917",76,21
Maple Knoll Mobile Home Community, Eaton ,49,"1716 E Lansing Road, Charlotte, MI, 48813",76,21
Mill Pond an FR Community, Ingham ,356,"1500 Old Mill Lane, Lansing, MI, 48911",74,21
Stonegate, Ingham ,278,"2700 Eaton Rapids, Lansing, MI, 48911",74,21
Country Village, Eaton ,100,"7781 West Grand River Highway, Grand Ledge, MI, 48837",77,28
Grand Oaks Village, Eaton ,168,"817 North Clinton Street, Grand Ledge, MI, 48837",77,21
Hi-Way Mobile Haven, Eaton ,67,"2600 Lansing Road, Charlotte, MI, 48813",76,21
Independence Commons, Eaton ,340,"1776 Constitution Circle, Potterville, MI, 48876",76,21
Meadows Mobile Home Park, Gratiot ,93,"411 South Grover Street, Alma, MI, 48801",92,34
Valley Springs Mobile Home Park, Eaton ,81,"4723 Hartel Road, Potterville, MI, 48876",76,21
Belle Vista Mobile Home Park, Eaton ,206,"509 Belle Vista Drive, Bellevue, MI, 49021",43,21
Bellevue Mobile Home Park, Eaton ,76,"23951 15 Mile Road, Bellevue, MI, 49021",44,18
Hickory Haven Mobile Home Park, Eaton ,27,"420 Haven Street, Eaton Rapids, MI, 48827",76,21
Lawrence Manor Mobile Home Park, Eaton ,30,"629 West Lawrence Avenue, Charlotte, MI, 48813",76,21
Riverwood, Eaton ,,"501 South Jefferson St, Bellevue, MI, 49021",43,21
Pineview Estates, Genesee ,1011,"6152 N. Genesee Rd., Flint, MI, 48506",67,26
Broadview Estates, Genesee ,497,"4250 North State Road, Davison, MI, 48423",67,26
Cider Mill Crossings, Genesee ,327,"9900 Townsquare Boulevard, Fenton, MI, 48430",50,22
Maple Run, Genesee ,145,"2000 Maple Run Boulevard, Clio, MI, 48420",97,26
Fisherman's Cove, Genesee ,162,"4441 Jena Lane, Flint, MI, 48507",70,27
Pine Ridge, Genesee ,195,"9348 Silver Lake Road, Linden, MI, 48451",71,22
Tyrone Woods Manufactured Home Community, Genesee ,403,"8378 Hogan Rd, Fenton, MI, 48430",72,22
Creek Wood, Genesee ,336,"3440 Creekside Boulevard, Burton, MI, 48519",68,27
Green Briar Community, Genesee ,345,"4070 Green Briar Boulevard, Burton, MI, 48529",70,27
Timber Heights, Genesee ,221,"1168 N. Oak Rd., Davison, MI, 48423",68,26
Hawaiian Gardens/Holly Village, Oakland ,233,"4261 Grange Hall Road Site 1B, Holly, MI, 48442",72,22
Swartz Creek Estates, Genesee ,176,"73 Ashley Circle, Swartz Creek, MI, 48473",69,27
Grand Blanc Crossing, Genesee ,478,"8225 Embury Road, Grand Blanc, MI, 48439",68,27
Lake Fenton Estates, Genesee ,135,"11429 Harbor Cove Drive, Fenton, MI, 48430",72,22
South Valley Estates, Genesee ,116,"37 Bellwood Drive, Swartz Creek, MI, 48473",69,27
Highlands Estates, Genesee ,635,"2197 East Mount Morris Road, Mount Morris, MI, 48458",67,26
Flushing Estates, Genesee ,279,"7416 Gillette Road, Flushing, MI, 48433",69,27
Linden Place, Genesee ,162,"4192 South Linden Road, Flint, MI, 48507",69,27
Swartz Creek Meadows, Genesee ,584,"4101 Sheridan Road, Lennon, MI, 48449",69,27
Marshall's Crossing, Saginaw ,200,"12050 Trident Boulevard, Montrose, MI, 48457",97,26
Meadowbrook Manor Estates, Genesee ,401,"7280 West Mt. Morris Road, Flushing, MI, 48433",69,27
Camelot Villa, Macomb ,712,"17111 Hall Road, Macomb, MI, 48044",60,11
Cloverland Mobile Home Park, Ontonagon ,,"601 Garvey Street, Ironwood, MI, 49938",110,38
Ironwood Estates Mobile Home Community, Ontonagon ,,"N10356 Lake Rd, Ironwood, MI, 49938",110,38
Kristella's Mobile Home Park, Ontonagon ,,"402 Sunday Lake, Wakefield, MI, 49968",110,38
Evergreen Estates, Tuscola ,92,"2115 East Evergreen Dr., Caro, MI, 48723",97,25
Pipers Mobile Village, Ontonagon ,,"Trailer Court Road, White Pine, MI, 49971",110,38
King's Court, Leelanau ,639,"1585 Ray Blvd., Traverse City, MI, 49686",103,37
Cherrywood Village Farms, Wexford ,193,"2451 M-113 East, Kingsley, MI, 49649",104,37
Timber Ridge, Leelanau ,31,"4050 E Hammond Rd, Traverse City, MI, 49686",103,37
Evergreen Village, Gratiot ,183,"21 Evergreen Drive, Saint Louis, MI, 48880",92,34
Alma Mobile Home Park, Gratiot ,46,"315 Linwood Avenue, Alma, MI, 48801",92,34
Breckenridge Mobile Home Park, Gratiot ,46,"452 Elm Street, Breckenridge, MI, 48615",93,34
Nesen's Countryside Park, Gratiot ,77,"600 Cheesman Road, Saint Louis, MI, 48880",92,34
Scotsdale Estates, Gratiot ,189,"3382 Alma Drive, Alma, MI, 48801",92,34
Timber Country MHP, Gratiot ,32,"10401 West Monroe Road, Elwell, MI, 48832",92,34
Meadow Lane Estates, Gratiot ,128,"401 South Saint Johns Street, Ithaca, MI, 48847",92,34
Woodcrest Mobile Home Park, Gratiot ,34,"953 East Monroe Road, Saint Louis, MI, 48880",92,34
Riley's Mobile Home Court, Hillsdale ,50,"3700 North Hillsdale Road, Hillsdale, MI, 49242",35,16
Hillsdale, Hillsdale ,170,"2856 Carleton Road, Hillsdale, MI, 49242",35,16
Hillside Acres MHC, Hillsdale ,42,"5200 Bankers Road, Reading, MI, 49274",35,17
Somerset Centre Estates, Hillsdale ,310,"12851 East Chicago Road, Somerset Center, MI, 49282",35,16
Southern Belle Mobile Community, Hillsdale ,14,"2722 West Card Road, Hillsdale, MI, 49242",35,16
West Village Mobile Home Park, Hillsdale ,16,"8800 Market Street, Pittsford, MI, 49271",35,16
Saint Joe Mobile Park, Hillsdale ,12,"310 West Saint Joe Street, Litchfield, MI, 49252",35,17
Ramblewood Mobile Home Park, Hillsdale ,30,"4091 State Road, Hillsdale, MI, 49242",35,16
Bayside Estates, Huron ,74,"2420 Pinetree Drive, Sebewaing, MI, 48759",98,25
Clarkston Riverview Mobile Court, Huron ,36,"4599 Pigeon Road, Elkton, MI, 48731",98,25
Huron Estates Mobile Home Village, Huron ,50,"163 Nelson Street, Harbor Beach, MI, 48441",98,25
Misty Meadows, Huron ,27,"1723 South Vandyke, Bad Axe, MI, 48413",98,25
Port Austin Estates, Huron ,36,"M 25 & Larned Road Box 250, Port Austin, MI, 48467",98,25
Summerwood Estates, Huron ,80,"162 Charlotte Street, Bad Axe, MI, 48413",98,25
Clarkson Pines Mobile Home Village, Huron ,,"865 South Vandyke Road, Bad Axe, MI, 48413",98,25
Mel-O-Day Acres Mobile Home Park, Huron ,40,"3193 Port Austin Road, Port Austin, MI, 48467",98,25
Whalen's Grindstone Park, Huron ,34,"3373 Pointe Aux Barques, Port Austin, MI, 48467",98,25
Sand Point Corners, Huron ,,"7910 Port Austin Road, Pigeon, MI, 48755",98,25
Caseville County Park, Huron ,,"6400 Main Street, Caseville, MI, 48725",98,25
Caseville Resort and Marina, Huron ,,"6450 Riverside Dr, Caseville, MI, 48725",98,25
Charlie's Place, Huron ,,"11860 Kilmanagh Road, Sebewaing, MI, 48759",98,25
Farmers Mobile Park, Huron ,,"6351 Main Street, Caseville, MI, 48725",98,25
Oak Grove, Huron ,,"3341 Port Austin Road, Port Austin, MI, 48467",98,25
Hamlin, Ingham ,209,"5325 Van Orden Road, Webberville, MI, 48892",73,22
Mason Manor, Ingham ,269,"2179 Hull Road, Mason, MI, 48854",73,21
Oak Island Village, Ingham ,250,"16430  Park Lake Road, East Lansing, MI, 48823",75,28
Leslie Estates, Ingham ,78,"714 Mill Street, Leslie, MI, 49251",73,21
Sycamore Village, Ingham ,396,"900 West Columbia Road, Mason, MI, 48854",73,21
Dutch Hills, Ingham ,278,"16400 Upton Road, East Lansing, MI, 48823",75,28
Village Square , Ingham ,100,"875 West Grand River Avenue, Williamston, MI, 48895",73,28
Delhi Manor, Ingham ,286,"4075 East Holt Road, Holt, MI, 48842",74,21
Valley Brook Mobile Home Estates, Ingham ,51,"1560 North Eifert Road, Holt, MI, 48842",73,21
Falcon Pointe, Ingham ,244,"555 Quarterhorse Road, East Lansing, MI, 48823",75,28
"Webbervilla, LLC", Ingham ,174,"400 West Grand River Avenue, Webberville, MI, 48892",73,22
Williamston Lakes, Ingham ,71,"2300 East Grand River, Williamston, MI, 48895",73,28
Windmill Park, Ingham ,484,"1433 Eifert Road, Holt, MI, 48842",74,21
Willow Village Mobile Home Park, Ingham ,45,"2445 East Grand River, Williamston, MI, 48895",73,28
Knolls Of Hamlin, Ingham ,23,"5247 Van Orden, Webberville, MI, 48892",73,22
Sunset Mobile Home Park, Sanilac ,105,"854 West Sanilac Road, Sandusky, MI, 48471",98,25
Country Manor Mobile Home Park, Ingham ,39,"4400 Edgar Road, Leslie, MI, 49251",73,21
Winslow's Mobile Home Terrace, Ingham ,72,"734 West Grand River Avenue, Okemos, MI, 48864",75,28
Sherwood Forest Manufactured Home Community, Ionia ,240,"1133 Yeomans Street, Ionia, MI, 48846",78,33
Sunset Ridge, Ionia ,190,"7204 East Grand River Avenue, Portland, MI, 48875",78,33
Canterbury Estates, Ionia ,290,"360 East Tuttle, Ionia, MI, 48846",78,33
Pine Haven Estates, Ionia ,50,"10400 Pewamo Road, Pewamo, MI, 48873",93,33
Wellington Estates, Wayne ,410,"16031 Beech Daly Road, Taylor, MI, 48180",28,4
Cedar Hill Trailer Park, Ionia ,13,"11211 East Nickleplate Road, Pewamo, MI, 48873",93,33
Evergreen Mobile Home Community, Ionia ,110,"2096 North State Road, Ionia, MI, 48846",78,33
Parkview Estates, Ionia ,75,"9203 Nelson Road, Portland, MI, 48875",78,33
Woodcreek Mobile Estates, Ionia ,30,"6600 North State Road, Orleans, MI, 48865",78,33
Glenview Mobile Home Park, Ionia ,13,"4090 Jackson Road, Saranac, MI, 48881",78,18
Grieves Trailer Park, Ionia ,5,"178 Washington Street, Saranac, MI, 48881",78,18
Long Lake Mobile Home Estates, Ionia ,25,"2701 West Long Lake Road, Orleans, MI, 48865",91,33
Pine View Trailer Park, Ionia ,20,"6385 Whites Bride Road, Belding, MI, 48809",91,33
Hidden Valley Mobile Home Park, Ionia ,50,"3856 South Stage Road, Ionia, MI, 48846",78,33
West Wind Court, Ionia ,11,"5448 West Grand River Ave, Portland, MI, 48875",78,33
Carl Chase, Ionia ,,"2020 Johnson Road, Saranac, MI, 48881",78,33
Schmid Farm Estates, Ionia ,14,"5590 N State Road, Orleans, MI, 48865",91,33
Sunset View Mobile Home Park, Ionia ,35,"926 Hill Street, Portland, MI, 48875",78,33
Slater's Mobile Home Village, Ionia ,,"728 Jordan Lake Avenue, Lake Odessa, MI, 48849",78,18
Northern Pines, Oscoda ,30,"6720 South Drive, Hale, MI, 48739",99,36
White Pine Ridge, Oscoda ,,"6721 South Drive, Hale, MI, 48739",99,36
The Crossings On Broadway, Isabella ,225,"5402 East Broadway Road, Mount Pleasant, MI, 48858",92,34
Summerhill Village, Isabella ,305,"5280 Mission Road, Mount Pleasant, MI, 48858",92,34
Oakview Mobile Estates, Isabella ,46,"1800 East Jordan Road, Mount Pleasant, MI, 48858",92,34
Broadway Acres, Isabella ,71,"5400 Kay Street, Mount Pleasant, MI, 48858",92,34
Country Place Park, Isabella ,66,"4151 East Jordan Road, Mount Pleasant, MI, 48858",92,34
Isabella Village, Isabella ,170,"5232 East Broadway Road, Mount Pleasant, MI, 48858",92,34
Maple View Estates East, Isabella ,136,"1955 S. Chippewa Road, Mount Pleasant, MI, 48858",92,34
Mount Pleasant Mobile Home Park, Isabella ,120,"505 South Bradley Rd., Mount Pleasant, MI, 48858",92,34
Broomfield Valley Mobile Home Park, Isabella ,85,"6553 West Remus Road, Mount Pleasant, MI, 48858",92,34
Alexander's Mobile Village, Isabella ,20,"8649 South Loomis Road, Shepherd, MI, 48883",92,34
Maple View Estates West, Isabella ,37,"10749 East Pickard, Mount Pleasant, MI, 48858",92,34
Westwind Mobile Home Park, Isabella ,,"3640 East Rosebush Road, Rosebush, MI, 48878",92,34
Sherman Oaks, Jackson ,366,"1144 Sherman Blvd., Jackson, MI, 49201",45,14
Windham Hills, Jackson ,420,"4020 County Farm Road, Jackson, MI, 49201",46,14
Hillanlake Village Mobile Home Park, Jackson ,151,"3998 Sunset Drive, Brooklyn, MI, 49230",47,14
Coachman's Cove, Jackson ,246,"6600 Portage Lake Road, Munith, MI, 49259",48,14
Cozy Manufactured Home Community, Jackson ,206,"1259 East Mcdevitt Road, Jackson, MI, 49203",47,14
Spring Valley Estates, Jackson ,94,"121 Split Rail Trail, Hanover, MI, 49241",45,14
Three Oaks Estates, Jackson ,44,"13380 Michigan 60, Concord, MI, 49237",45,17
Spring Harbor, Jackson ,81,"271 Green St., Springport, MI, 49284",45,17
Sun Valley Estates, Jackson ,184,"301 Mantle Avenue, Jackson, MI, 49202",46,14
The Reserves, Jackson ,304,"3999 Sherwood Lakes Boulevard, Jackson, MI, 49201",46,14
Arbor Village, Jackson ,266,"7940 South Circle Drive, Parma, MI, 49269",45,14
Indian Village, Jackson ,294,"2600 East South Street, Jackson, MI, 49201",46,14
Jackson Mobile Home Park, Jackson ,80,"2240 Brooklyn Road, Jackson, MI, 49203",47,14
Michigan Avenue Estates, Jackson ,39,"3921 West Michigan Avenue, Jackson, MI, 49202",46,14
Pleasant Lake Mobile Home Court, Jackson ,57,"11711 Bunkerhill Road, Pleasant Lake, MI, 49272",45,14
Shady Park Mobile Home Court, Jackson ,23,"4000 East South Street, Jackson, MI, 49201",47,14
Walnut Ridge, Jackson ,299,"3001 West Parnall Road, Jackson, MI, 49201",46,14
Sherwood Forest, Jackson ,200,"7945 Dunn Road, Munith, MI, 49259",46,14
Miller Trailer Village, Jackson ,55,"3500 South Dearing Road, Spring Arbor, MI, 49283",45,14
Vinings Trailer Park, Jackson ,199,"105 Portage Lake Road, Munith, MI, 49259",48,14
Andry's On The Lake, Jackson ,160,"7740 Mount Hope Road, Grass Lake, MI, 49240",48,14
Wyngate Farms, Kalamazoo ,333,"5560 Al Sabo Drive, Kalamazoo, MI, 49009",40,19
Colonial Manor, Kalamazoo ,195,"5500 West Kl Avenue, Kalamazoo, MI, 49009",40,19
Saddlebrook Farms, Kalamazoo ,147,"5053 S. Fourth, Kalamazoo, MI, 49009",40,19
Hillcrest Acres, Kalamazoo ,150,"3205 Douglas Ave., Kalamazoo, MI, 49004",41,19
Weatherstone Village Community, Kalamazoo ,93,"5210 Marsh Arbor Trail, Kalamazoo, MI, 49004",42,19
Colonial Acres, Kalamazoo ,612,"5374 E. Deadwood Drive, Portage, MI, 49002",41,19
Royal Estates, Kalamazoo ,183,"8300 Ravine Road, Kalamazoo, MI, 49009",42,19
Fountain Springs, Kalamazoo ,327,"1410 South 9th Street, Kalamazoo, MI, 49009",40,19
Pavilion Estates MHC, Kalamazoo ,531,"6830 E N Avenue, Kalamazoo, MI, 49048",42,19
Huntington Run, Kalamazoo ,175,"6255 Cranbrook Lane, Kalamazoo, MI, 49009",40,19
Saddlebrook Village, Kalamazoo ,142,"503 South Fourth, Kalamazoo, MI, 49009",40,19
Twinleaf, Kalamazoo ,185,"3614 Stadium Drive, Kalamazoo, MI, 49008",41,19
Americana Estates, Kalamazoo ,161,"1802 Tray Lane, Kalamazoo, MI, 49006",41,19
Sugarloaf Mobile Home Park, Kalamazoo ,57,"11443 Bonnie Dr, Schoolcraft, MI, 49087",42,19
Evergreen Park, Kalamazoo ,76,"182 East D Avenue, Kalamazoo, MI, 49009",42,19
Richland MHC, Kalamazoo ,45,"9604 East M-89, Richland, MI, 49083",42,19
Climax MHP, Kalamazoo ,75,"14253 East On Avenue, Climax, MI, 49034",45,18
Country Acres, Wexford ,200,"300 Kristy Jo, Cadillac, MI, 49601",101,36
Gale Valley Estates, Kalamazoo ,226,"353 East Michigan Avenue, Galesburg, MI, 49053",42,19
Oak Brook Estates, Kalamazoo ,134,"7200 Lovers Lane, Portage, MI, 49002",40,19
Portage Terrace Mobile Home Park, Kalamazoo ,81,"11247 Portage Road, Portage, MI, 49002",42,19
Mobile Home Estates, Kalkaska ,50,"2012 East Estate Road, Kalkaska, MI, 49646",104,36
Country Meadows Village, Kent ,307,"5401 76th SE, Caledonia, MI, 49316",79,18
Leonard Gardens, Kent ,319,"4524 Leonard NW, Grand Rapids, MI, 49534",84,30
Pinebrook Village, Kent ,185,"444 Bellewood Street SE, Grand Rapids, MI, 49548",80,29
Alpine Meadows, Kent ,403,"3800 Fruitridge Avenue NW, Grand Rapids, MI, 49544",90,30
"Key Vista, MHC", Kent ,137,"1800 West Main Street, Lowell, MI, 49331",78,18
Byron Center, Kent ,143,"2680 84th Street, Byron Center, MI, 49315",79,20
Camelot Manor, Kent ,335,"170 Camelot Blvd, Grand Rapids, MI, 49548",83,20
Cedar Springs Mobile Estates, Kent ,216,"400 Susan, Cedar Springs, MI, 49319",91,33
Holiday Estates, Wayne ,551,"46000 Geddes Road Lot 416, Canton, MI, 48188",25,5
Key Heights Village, Kent ,286,"11335 East Fulton Street, Lowell, MI, 49331",78,18
Cutler Estates, Kent ,259,"6471 South Division, Grand Rapids, MI, 49548",80,29
Grand Village, Kent ,230,"6500 South Division Avenue, Grand Rapids, MI, 49548",79,20
Dutton Mill Village, Kent ,307,"6720 West Mill Run SE, Caledonia, MI, 49316",79,20
Algoma Estates, Montcalm ,343,"4456 13 Mile Road, Rockford, MI, 49341",90,33
Brookside Village, Kent ,196,"3130 Slater Ave SE, Kentwood, MI, 49512",80,29
Ferrand Estates, Kent ,420,"4528 Halifax SW, Wyoming, MI, 49519",83,29
Brentwood Village, Kent ,195,"201 60th Street SE, Kentwood, MI, 49548",80,29
Riverview Manufactured Housing Community, Kent ,154,"95 Viking Drive, Sparta, MI, 49345",90,33
Southwood Village, Kent ,394,"440 60th Street SE, Grand Rapids, MI, 49548",79,20
The Oaks of Rockford, Montcalm ,262,"11640 Townsquare Blvd, Rockford, MI, 49341",90,33
Creekside, Kent ,165,"5100 Clyde Park Avenue SW, Wyoming, MI, 49509",83,29
Lakeside Village, Montcalm ,67,"12205 Hart Street, Greenville, MI, 48838",91,33
Spring Valley Mobile Home Park, Montcalm ,52,"6460 Northland Drive, Rockford, MI, 49341",90,30
Whispering Pines, Van Buren ,104,"67663 County Road 388, South Haven, MI, 49090",39,20
Lincoln Pines Resort Inc, Montcalm ,156,"13033 19 Mile Road, Gowen, MI, 49326",91,33
Side-O-Lake Resort Park, Montcalm ,45,"15301 Lakeshore Drive, Gowen, MI, 49326",91,33
La-E-Ma Land Mobile Home Park, Montcalm ,29,"7825 Cannonsburg Road, Rockford, MI, 49341",90,33
Pine Lakes Mobile Home Park, Lapeer ,163,"110 Pine Lakes Drive, Lapeer, MI, 48446",67,26
Ideal Villa Mobile Home Park, Lapeer ,168,"3660 South Lapeer Road, Metamora, MI, 48455",67,24
Hunters Creek, Lapeer ,402,"725 Demille Road, Lapeer, MI, 48446",67,26
River Ridge, Washtenaw ,288,"289 Dundee, Saline, MI, 48176",33,15
Crestview Manor, Lapeer ,200,"1485 Ridgeview Drive, Lapeer, MI, 48446",67,26
Deerfield Pines, Lapeer ,122,"82 Deerfield Pines Drive, North Branch, MI, 48461",67,26
Kingsbrook Estates, Lapeer ,233,"4600 N. Van Dyke Road, Almont, MI, 48003",65,24
Lapeer Meadows, Lapeer ,228,"1265 Farnsworth Road, Lapeer, MI, 48446",67,26
North Branch Meadows, Lapeer ,127,"6800 Lydia Boulevard, North Branch, MI, 48461",98,26
Sand Hill Estates, Lapeer ,50,"4063 Bowers Road, Attica, MI, 48412",65,26
Victoria Meadows, Lapeer ,130,"3750 Nash Lane, Dryden, MI, 48428",65,24
Garner Drive Mobile Home Park, Lapeer ,18,"Garner Drive, Imlay City, MI, 48444",65,26
Sterling Estates, Macomb ,760,"43475 La Grand Boulevard, Sterling Heights, MI, 48314",57,9
Maple Woods, Lenawee ,285,"1550 West Beecher Road, Adrian, MI, 49221",34,16
Hidden River North, Lenawee ,211,"975 Beecher Road, Adrian, MI, 49221",34,16
Round Lake Estates, Lenawee ,109,"787 Stoneham, Manitou Beach, MI, 49253",34,16
Newburg Meadows, Lenawee ,135,"9115 North Union Street, Tecumseh, MI, 49286",34,15
Bean Creek Resort, Lenawee ,72,"9575 Devils Lake Highway, Manitou Beach, MI, 49253",34,16
Hidden River South, Lenawee ,202,"3251 South Adrian Highway, Adrian, MI, 49221",34,16
Coach Light Estates, Lenawee ,230,"650 West Adrian Street, Blissfield, MI, 49228",34,16
Country Villa, Lenawee ,73,"12919 Tipton Highway, Clinton, MI, 49236",34,16
Friendly Village Of Adrian, Lenawee ,179,"1100 South Main Street, Adrian, MI, 49221",34,16
Leffingwell Estates, Lenawee ,70,"595 South Meridian Road, Hudson, MI, 49247",34,16
Water Wheel Community, Lenawee ,172,"316 West Michigan Avenue, Clinton, MI, 49236",33,15
Raisin Valley Estates, Lenawee ,27,"4897 N. Adrian Hwy, Adrian, MI, 49221",34,16
Water's Edge, Lenawee ,48,"Devils Lake Highway, Manitou Beach, MI, 49253",34,16
Clinton Estates, Lenawee ,30,"1801 West Michigan Avenue, Clinton, MI, 49236",34,15
King Mobile Home Court, Lenawee ,123,"1142 Lansing Street, Adrian, MI, 49221",34,16
Southgate Mobile Park, Lenawee ,48,"2425 East Us Highway 223, Adrian, MI, 49221",34,16
Adrian Estates, Lenawee ,26,"1003 Lansing Street, Adrian, MI, 49221",34,16
Lee Villa Mobile Home Park, Lenawee ,113,"2985 Gady Road, Adrian, MI, 49221",34,16
Robinhood Mobile Court, Lenawee ,25,"3180 North Adrian, Adrian, MI, 49221",34,16
Silver Lawn Mobile Park, Lenawee ,,"10891 Cement City Highway, Addison, MI, 49220",34,16
Sylvan Glen Estates, Livingston ,476,"6600 Grand River, Brighton, MI, 48114",48,22
Brighton Village, Livingston ,195,"7500 Grand River Rd., Brighton, MI, 48114",48,22
Hartland Meadows, Livingston ,617,"13634 W Highland Rd, Hartland, MI, 48353",50,22
Burkhart Ridge, Livingston ,306,"1011 River Line Drive, Howell, MI, 48843",50,22
Howell Estates, Livingston ,455,"515 Mason Road, Howell, MI, 48843",50,22
Cedar River Estates, Livingston ,118,"400 Cedar River Drive, Fowlerville, MI, 48836",50,22
Alan's Park, Shiawassee ,32,"11785 Lansing Road, Durand, MI, 48429",71,28
Grandshire Estates, Livingston ,151,"851 Willow Street, Fowlerville, MI, 48836",50,22
Lake Chemung Outdoor Resort, Livingston ,335,"320 South Hughes Road, Howell, MI, 48843",48,22
Woodland Park & Sales, Livingston ,65,"8005 West Grand River Avenue, Brighton, MI, 48114",49,22
Fairlawn Meadows, Livingston ,48,"1701 Fairlawn Road, Howell, MI, 48843",50,22
Fairlane Estates Mobile Home Park, Livingston ,60,"2195 East Grand River, Howell, MI, 48843",50,22
Starlight Trailer Court, Livingston ,48,"7175 Bishop Road, Brighton, MI, 48116",49,22
Brighton Trailer Court, Livingston ,9,"614 Flint Road, Brighton, MI, 48116",49,22
Red Oaks Of Chemung, Livingston ,,"102 East Grand River Avenue, Howell, MI, 48843",50,22
Waldon Woods Family Recreation Resort, Livingston ,,"2975 North Old Us 23, Howell, MI, 48855",50,22
River's Edge, Macomb ,1000,"38000 Le Chateau Blvd, Clinton Township, MI, 48038",61,11
Shelby Forest, Macomb ,664,"13955 Bronte Drive, Shelby Township, MI, 48315",59,24
Shelby West, Macomb ,644,"12277 Conservation Trail, Shelby Township, MI, 48315",59,24
Lafayette Place, Macomb ,254,"21155 Warner, Warren, MI, 48091",14,3
East Village Estates, Macomb ,708,"57400 Bedford Blvd., Washington, MI, 48094",66,24
Springbrook Estates, Macomb ,398,"71400 Van Dyke Road, Romeo, MI, 48065",66,24
Rudgate Manor, Macomb ,931,"5150 Rudgate Boulevard, Sterling Heights, MI, 48310",57,9
Carriage Way, Saint Clair ,798,"29800 Guilford Circle, Chesterfield, MI, 48051",63,12
Silver Springs, Saint Clair ,547,"43600 Park Drive West, Clinton Township, MI, 48036",61,12
Rudgate Clinton, Macomb ,667,"20475 Foster Drive, Clinton Township, MI, 48036",61,11
Pine Crest Estates, Saint Clair ,214,"30086 Pineview Circle, Chesterfield, MI, 48051",63,12
Dequindre Estates, Macomb ,303,"2017 Shirewood Dr., Shelby Township, MI, 48317",59,24
Westbridge Manor, Saint Clair ,1446,"45301 Chateau Thierry Blvd., Macomb, MI, 48044",60,11
Glennwood Village, Macomb ,147,"2526 Morrissey Road, Warren, MI, 48091",14,3
Millstone Pond, Saint Clair ,263,"37781 Sandstone Trail, Lenox, MI, 48048",65,25
Fairchild Lake, Saint Clair ,300,"49645 Au Lac Road, Chesterfield, MI, 48051",63,12
Willow Point, Saint Clair ,284,"43400 Lenfesty Drive, Harrison Township, MI, 48045",62,12
Westbrook, Saint Clair ,,"45013 Catalpa Blvd., Macomb, MI, 48044",60,11
Leslie's Mobile Home Village, Macomb ,166,"25214 Gratiot Avenue, Roseville, MI, 48066",12,11
Riverbrook, Saint Clair ,390,"59477 Hardy Lane, New Haven, MI, 48048",65,25
Parkway Village LLC, Saint Clair ,242,"23500 South Keystone Way, Clinton Township, MI, 48036",61,12
Richmond Place, Saint Clair ,117,"36401 Division Road, Richmond, MI, 48062",65,25
River Haven Estates, Mason ,65,"24 Caberfae Highway, Manistee, MI, 49660",102,32
East Lake Estates, Mason ,197,"829 Oregon Avenue, Manistee, MI, 49660",102,32
The Bluffs on Manistee Lake, Mason ,100,"956 Tennessee Avenue, Manistee, MI, 49660",102,32
Forest Pines Manistee, Mason ,75,"1525 West County Line Road, Manistee, MI, 49660",102,32
Tamarac Village, Mason ,293,"2875 North Lakeshore Drive, Ludington, MI, 49431",102,32
Ludington Mobile Home Park, Mason ,68,"5040 Rasmussen Road, Ludington, MI, 49431",102,32
Hidden Forest, Mason ,116,"3626 West Hidden Forest Drive, Ludington, MI, 49431",102,32
Holiday Village Of Scottville, Mason ,150,"1701 West Us Highway 10-31, Scottville, MI, 49454",102,32
Heritage Hills Mobile Home Estates, Mason ,30,"3677 South Pere Marquette, Ludington, MI, 49431",102,32
Laman's Landing Resort, Mason ,32,"6100 North Beaune Road, Ludington, MI, 49431",102,32
Lakewood Mobile Home Park, Oceana ,40,"408 East Sands Street, Pentwater, MI, 49449",102,32
Big Rapids Mobile Home Court, Mecosta ,135,"606 Bjornson Street, Big Rapids, MI, 49307",100,34
Country Manor Estates, Mecosta ,78,"18500 Northland Drive, Big Rapids, MI, 49307",100,34
Holiday Terrace Mobile Home Park, Mecosta ,71,"10845 Percy Lane, Mecosta, MI, 49332",100,34
Parks Place Estates, Mecosta ,29,"14065 30th Avenue, Remus, MI, 49340",100,34
Sunset Shores, Mecosta ,80,"10406 Pierce Rd., Stanwood, MI, 49346",100,34
Haven View Mobile Home Court, Mecosta ,80,"18505 Northland Drive, Big Rapids, MI, 49307",100,34
College Park Mobile Village, Mecosta ,100,"1111 Catherine Street, Big Rapids, MI, 49307",100,34
Country Mobile Home Court, Osceola ,20,"6420 East 13 Mile Road, Paris, MI, 49338",101,33
Circle Drive Mobile Home Park, Mecosta ,50,"12380 185th Avenue, Big Rapids, MI, 49307",100,34
Hunter's Creek, Mecosta ,50,"11334 120th Avenue, Rodney, MI, 49342",100,34
Forest Hills Park, Mecosta ,,"14400 Northland Drive, Big Rapids, MI, 49307",100,34
Round Lake Resort Mobile Home Park, Mecosta ,8,"11133 Eleven Mile Road, Mecosta, MI, 49332",100,34
Buck's Mobile Home Park, Mecosta ,,"21965 8 Mile Road, Stanwood, MI, 49346",100,34
Lackie's Birch Haven Subdivision, Osceola ,,"Airstrip Road, Barryton, MI, 49305",100,34
Roger Heights Mobile Home Park, Mecosta ,,"11299 Riverside Drive, Stanwood, MI, 49346",100,34
Bayside Mobile Estates, Menominee ,97,"3400 - 10th Street, Menominee, MI, 49858",108,38
Cedar Ridge Mobile Home Park, Menominee ,75,"5000 13th Street, Menominee, MI, 49858",108,38
Science City, Midland ,171,"3823 Bay City Road, Midland, MI, 48642",95,35
Alpine Village, Midland ,283,"3601 Alpine Drive, Midland, MI, 48642",95,35
Old Oak Trails Estates, Midland ,203,"1661 North Old Oak Trail, Sanford, MI, 48657",95,35
Arlington Manor, Midland ,100,"222 Rockwell Dr, Midland, MI, 48642",95,35
Coleman Mobile Home Park, Midland ,58,"330 South 3rd Street, Coleman, MI, 48618",95,34
Oakside Mobile Home Park, Midland ,142,"2752 West North Union Road, Midland, MI, 48642",97,35
Stolkholm Forest Village, Midland ,121,"800 West Mier Road, Sanford, MI, 48657",95,34
Victoria Woods, Midland ,52,"2574 West Midland Road, Midland, MI, 48642",97,35
Maple Grove Village, Midland ,140,"400 Kuipers Drive, Midland, MI, 48642",95,35
Countryside Manor, Midland ,63,"47 North Meridian Road, Midland, MI, 48640",95,34
Rumbaugh Estates, Midland ,59,"1404 Rumbaugh, Midland, MI, 48642",95,35
Lakeview Trailer Park, Midland ,18,"320 Cedar Street, Sanford, MI, 48657",95,34
"Evergreen Whispering Pines MHP, LLC", Midland ,105,"227 W. Olson Road, Midland, MI, 48640",95,34
Woodview Mobile Home Park, Midland ,,"257 West Olson Road, Midland, MI, 48640",95,34
Pine Court, Osceola ,15,"5340 West Stoney Corners Road, Mc Bain, MI, 49657",105,36
Sandy Oaks Resort, Roscommon ,227,"2757 Owens Dr, Houghton Lake, MI, 48629",105,36
Cadillac Leisure Mobile Home Park, Wexford ,98,"1101-1151 6th Stt, Cadillac, MI, 49601",101,36
Whispering Oaks Mobile Home Park, Roscommon ,26,"3517 West Houghton Lake Drive, Houghton Lake, MI, 48629",105,36
Mounds Mobile Home Park, Roscommon ,,"130 Mounds Trail, Houghton Lake, MI, 48629",105,36
North Shore Trailer Park, Roscommon ,,"8687 East Houghton Lake Road, Houghton Lake, MI, 48629",105,36
Poplar's Resort, Roscommon ,,"10360 West Shore Dr, Houghton Lake, MI, 48629",105,36
Frenchtown Villa / Elizabeth Woods, Monroe ,1149,"1250 Paree, Newport, MI, 48166",28,16
Meadowbrook Estates, Monroe ,453,"1250 Strandwyck, Monroe, MI, 48161",30,16
Kimberly Estates, Monroe ,387,"7769 Kimberly Dr, Newport, MI, 48166",29,16
Newport Farms, Monroe ,513,"9059 W. Timberview Dr., Newport, MI, 48166",28,16
Raisin Ridge, Monroe ,404,"801 Franklin Blvd, Monroe, MI, 48161",31,16
Inverness Mobile Home Community, Monroe ,518,"6230 Lewis Avenue, Temperance, MI, 48182",30,16
Oakridge Estates, Monroe ,621,"75 Briarwood Trail, Monroe, MI, 48161",30,16
Pleasantville MHC, Monroe ,152,"1045 Nadeau Road, Monroe, MI, 48162",28,16
Country Heritage, Monroe ,213,"771 Mary Jean Court, Dundee, MI, 48131",31,16
The Orchards, Monroe ,630,"3600 Townsquare Boulevard, Carleton, MI, 48117",29,16
Carleton Mobile Home Park, Monroe ,228,"12500 Jones Rd., Carleton, MI, 48117",29,16
Dundee Meadows, Monroe ,80,"202 Emerald Circle, Dundee, MI, 48131",31,16
Elizabeth Woods, Monroe ,620,"1250 Paree, Newport, MI, 48166",28,16
Flat Rock Village, Monroe ,332,"11150 Telegraph Road, Carleton, MI, 48117",29,16
Hidden Creek, Monroe ,351,"6400 South Dixie Highway, Erie, MI, 48133",30,16
Mill Race Shores Manufactured Housing Community, Monroe ,97,"563 Allen Road, Milan, MI, 48160",31,15
Northtowne Meadows, Monroe ,386,"6255 Telegraph Road, Erie, MI, 48133",30,16
Willow Green, Monroe ,429,"2033 North Outer Drive, Monroe, MI, 48161",30,16
Yorkshire Manor, Monroe ,280,"1205 York Blvd., Carleton, MI, 48117",29,16
Shamrock Mobile Home Park, Monroe ,54,"1811 North Telegraph Road, Monroe, MI, 48162",29,16
Sunny South Villa, Monroe ,68,"15377 South Telegraph, Monroe, MI, 48161",30,16
Huron River Mobile Home Park, Monroe ,89,"8025 South Huron River Road, South Rockwood, MI, 48179",28,16
Village Trails, Montcalm ,100,"518 Hickory Ln., Howard City, MI, 49329",91,33
Brookside Mobile Home Sites, Montcalm ,14,"7875 Garlock Road, Carson City, MI, 48811",93,33
Creekview Mobile Home Park, Montcalm ,84,"400 North Walnut, Greenville, MI, 48838",91,33
Edmore Estates, Montcalm ,18,"525 West Gilson Street, Edmore, MI, 48829",91,33
Stanton Mobile Home Community, Montcalm ,50,"101 Rachael, Stanton, MI, 48888",91,33
Stoney Lake Mobile Home Park, Montcalm ,14,"2650 Stoney Lake Blvd., Stanton, MI, 48888",91,33
Tamarack Pines Estates, Montcalm ,80,"9555 Maple Hill Road, Howard City, MI, 49329",91,33
Thunderhawk Resort, Montcalm ,50,"4261 N Bass Lake Rd, Pierson, MI, 49339",91,33
Pond View Estates, Montcalm ,90,"613 North Edgeview Street, Greenville, MI, 48838",91,33
Sheridan Mobile Home Park, Montcalm ,26,"453 East Condensery Road, Sheridan, MI, 48884",91,33
Greenbrier Estates, Montcalm ,57,"11345 South Greenville Road, Greenville, MI, 48838",91,33
Pondview Manufactured Home Community, Montcalm ,93,"621 North Walnut Street, Greenville, MI, 48838",91,33
Sandy Creek, Montcalm ,,"Tbd, Crystal, MI, 48818",93,33
White Oak Acres, Montcalm ,34,"Wood Road, Sheridan, MI, 48884",91,33
Tamarack Meadows, Montcalm ,135,"1601 Hiddenview Dr, Lakeview, MI, 48850",91,33
Hunt Creek Mobile Home Court, Presque Isle ,,"600 North Elizabeth, Hillman, MI, 49746",106,36
City Of Rose City Trailer Park, Oscoda ,,"310 North Williams Street, Rose City, MI, 48654",99,36
Presque Isle Estates, Presque Isle ,,"1605 Morley Drive, Rogers City, MI, 49779",106,36
Whispering Pines Trailer Park, Oscoda ,,"236 South Mount Tom Road, Mio, MI, 48647",105,36
Apple Carr Village, Muskegon ,529,"516 South Courtland Lane, Muskegon, MI, 49442",89,32
Clover Estates Mobile Home Community, Muskegon ,223,"3239 Clover Parkway, Muskegon, MI, 49444",89,32
Egelcraft, Muskegon ,458,"2129 Arrowhead Drive, Muskegon, MI, 49442",89,32
Park Meadows, Muskegon ,300,"210 East Giles, North Muskegon, MI, 49445",87,32
"Pine Island Recreation Park, Inc.", Muskegon ,30,"3768 Pine Island Drive, Lot 9, Holton, MI, 49425",102,32
Derby Brothers Company, Muskegon ,30,"3774 Pine Island Drive, Holton, MI, 49425",102,32
Bel Air Estates, Muskegon ,116,"2481 West Sherman Boulevard, Muskegon, MI, 49441",88,32
Norton Shores, Muskegon ,656,"3223 Bailey Street, Muskegon, MI, 49444",87,32
Arlington Woods, Muskegon ,659,"3785 Evanston Avenue, Muskegon, MI, 49442",87,32
Cricklewood Court, Muskegon ,62,"23604 36th Avenue, Ravenna, MI, 49451",89,33
Crystal Downs MHC, Muskegon ,104,"2701 Crystal Lake Road, Whitehall, MI, 49461",102,32
Nomad MHC, Muskegon ,111,"2701 Huizenga Street, Muskegon, MI, 49444",87,32
Oaks Mobile Home Park, Muskegon ,172,"3240 Getty Street, Muskegon, MI, 49444",87,32
Emerald Estates, Newaygo ,30,"238 Jones Street, Grant, MI, 49327",101,33
Hidden Oaks MHC, Muskegon ,104,"14787 Apple Drive, Fruitport, MI, 49415",88,31
Timberline Estates Mobile Home Park, Muskegon ,302,"2315 Oak Street, Twin Lake, MI, 49457",102,32
Edgewood Mobile Park, Muskegon ,65,"7433 Whitehall Road, Whitehall, MI, 49461",102,32
West Pine Island Manufactured Home Community, Muskegon ,30,"3534 Pinewood Trail, Holton, MI, 49425",102,32
Maple Island Estates, Muskegon ,129,"7311 White Road, Muskegon, MI, 49442",89,32
Mona Lake Mobile Home Park, Muskegon ,67,"3527 Hoyt Street, Muskegon, MI, 49444",87,32
West Pine Island, Muskegon ,30,"1091 East Laketon, Muskegon, MI, 49442",87,32
Crestview Estates MHC, Muskegon ,,"3290 Getty Street, Muskegon, MI, 49444",87,32
Brookhaven Estates, Newaygo ,178,"622 South Division Street, Newaygo, MI, 49337",101,33
Brooks Lake Mobile Home Park, Newaygo ,15,"2263 Spruell, Newaygo, MI, 49337",101,33
Country View Estates, Newaygo ,134,"401 Market Street, Fremont, MI, 49412",101,33
Fremont Hills Mobile Home Park, Newaygo ,58,"927 Lake Drive, Fremont, MI, 49412",101,33
Meadowview Village, Newaygo ,86,"1307 Locust Street, Fremont, MI, 49412",101,33
Rob-Ann Mobile Home Court, Newaygo ,84,"1215 Locust Street, Fremont, MI, 49412",101,33
Lake Forest Park, Newaygo ,70,"9502 South 2nd Street, Grant, MI, 49327",101,33
Leisure Time, Newaygo ,94,"4799 South Spruce Avenue, White Cloud, MI, 49349",101,33
Four Seasons Trailer Park, Newaygo ,56,"3531 Antor, Newaygo, MI, 49337",101,33
Maple Lane Mobile Home Park, Newaygo ,30,"65 South North Street, White Cloud, MI, 49349",101,33
Sportsman Park, Newaygo ,75,"2500 Sportsman Drive, White Cloud, MI, 49349",101,33
Zmrzlik Mobile Home Park, Newaygo ,,"277 Echo Drive, White Cloud, MI, 49349",101,33
The Woodlands, Oakland ,375,"1441 W. Romeo Rd., Oakland Township, MI, 48363",66,24
Sashabaw Meadows, Oakland ,511,"4359 Dogwood Boulevard, Clarkston, MI, 48348",66,24
Orion Lakes, Oakland ,423,"47 Bluebird Hill, Orion, MI, 48359",54,24
Ridgewood, Oakland ,500,"3331 Stoneybrook Drive, Milford, MI, 48380",51,23
White Lake, Oakland ,315,"1415 Fisk Road, White Lake, MI, 48386",51,23
Highland Greens Estates, Oakland ,907,"2377 North Milford Road, Highland, MI, 48357",51,23
Childs Lake Estates, Oakland ,619,"4377 Old Plank Road, Milford, MI, 48381",51,23
Kensington Place, Oakland ,488,"60501 Grand River, New Hudson, MI, 48165",49,23
Commerce Meadows, Oakland ,602,"2400 Meadows Circle Drive, Wixom, MI, 48393",51,23
Stratford Villa, Oakland ,409,"3333 Stratford Villa Way, Wixom, MI, 48393",51,23
Meadow Lake, Oakland ,425,"3951 Bentwood Circle West, White Lake, MI, 48383",51,23
Clarkston Lakes, Oakland ,498,"4260 Dogwood Blvd., Clarkston, MI, 48348",66,24
Sheffield Estates, Oakland ,228,"165 South Opdyke Road, Auburn Hills, MI, 48326",54,7
Rochester Estates, Oakland ,775,"600 Le Grand Boulevard West, Rochester, MI, 48307",55,9
South Lyon Woods, Oakland ,211,"530 Lanier St., South Lyon, MI, 48178",23,23
Troy Villa, Oakland ,282,"2100 Stephenson Highway, Troy, MI, 48083",56,9
College Heights, Oakland ,161,"3501 Auburn Road, Auburn Hills, MI, 48326",54,7
Cedarbrook Estates, Oakland ,691,"323 Le Grande Boulevard, White Lake, MI, 48383",51,23
Novi Meadows, Oakland ,401,"26250 Virginia Avenue, Novi, MI, 48374",21,13
Fawn Lake Estates, Oakland ,135,"831 North Pontiac Trail, Walled Lake, MI, 48390",49,13
Lake Villa, Oakland ,850,"182 Parker Lake Drive, Oxford, MI, 48371",66,24
Hesperia MHP, Oceana ,99,"946 North Smith St Hesperia Mi 49421, Hesperia, MI, 49421",101,33
Holiday Shores, Oceana ,54,"7980 Village Rd, Mears, MI, 49436",102,32
Hylander Valley, Oceana ,71,"231 North Eastwood Road, Hart, MI, 49420",102,32
Sun Retreats Silver Lake, Oceana ,,"1441 N. 34th Street, Mears, MI, 49436",102,32
Evergreen Village Mobile Home Park, Oceana ,99,"946 N. Smith St., Hesperia, MI, 49421",101,33
Pines Mobile Home Park, Oceana ,48,"3241 72nd Street, Hart, MI, 49420",102,32
Green Lawn Mobile Home Court, Oceana ,40,"2725 Forest Street, Rothbury, MI, 49452",102,32
Evart Mobile Court, Osceola ,21,"201 Fair Street, Evart, MI, 49631",100,34
Young's Trailer Park, Osceola ,17,"521 East Church Avenue, Reed City, MI, 49677",100,34
Pheasant Ridge Estates, Wexford ,196,"399 Thistlewood Drive, Cadillac, MI, 49601",101,36
Shady Lane Trailer Court, Roscommon ,,"9671 Airport Road, Saint Helen, MI, 48656",105,36
Knollwood, Ottawa ,161,"4595 Knollwood Drive, Allendale, MI, 49401",89,30
Allendale Meadows, Ottawa ,352,"11400 Boyne Boulevard, Allendale, MI, 49401",89,30
Presidential Estates, Ottawa ,364,"5075 Presidential Lane, Hudsonville, MI, 49426",85,31
Country Hills Village, Ottawa ,236,"2200 Riley Street, Hudsonville, MI, 49426",43,31
Leisure Estates, Ottawa ,438,"523 Butternut Drive, Holland, MI, 49424",86,31
Windmill Estates, Ottawa ,400,"333 East Lakewood Boulevard, Holland, MI, 49424",86,31
Timberline Estates, Ottawa ,296,"260 Pin Oak Drive, Coopersville, MI, 49404",89,30
West Olive Estates, Ottawa ,741,"8930 146th Avenue, West Olive, MI, 49460",88,31
Lincoln Estates, Ottawa ,191,"1139 Lincoln Avenue, Holland, MI, 49423",86,31
Logan Estates, Ottawa ,378,"8697 Riley Street, Zeeland, MI, 49464",85,31
Brookshire Meadows West, Ottawa ,98,"1501 Port Sheldon Road, Jenison, MI, 49428",85,31
Country Estates, Ottawa ,255,"14700 State Road, Spring Lake, MI, 49456",88,31
North Shore Manufactured Home Community and RV, Ottawa ,123,"17990 North Shore Road, Spring Lake, MI, 49456",88,31
Village Green Mobile Home Park, Ottawa ,392,"1700 Robbins Road, Grand Haven, MI, 49417",88,31
Boulder Ridge, Ottawa ,96,"4370 Pingree, Allendale, MI, 49401",89,30
Crockery Mobile Home Park, Ottawa ,168,"13251 State Road, Nunica, MI, 49448",88,31
Forest Lake Estates, Ottawa ,221,"17147 148th Avenue, Spring Lake, MI, 49456",88,31
Grand Country Mobile Village, Ottawa ,52,"13401 84th Street, Coopersville, MI, 49404",89,30
Holiday West Village, Ottawa ,341,"3611 Butternut Drive, Holland, MI, 49424",86,31
Waverly Shores Village, Ottawa ,326,"11777 Riley Street, Holland, MI, 49424",86,31
Denton Township Trailer Park, Roscommon ,59,"808 Lake Street, Prudenville, MI, 48651",105,36
Lakeview Mobile Home Park, Roscommon ,49,"454 East Houghton Lake Drive, Prudenville, MI, 48651",105,36
Windmill Estates (Saginaw), Saginaw ,59,"5655 Dixie Highway, Saginaw, MI, 48601",94,26
Freeland Mobile Home Park, Saginaw ,122,"10340 Midland Road, Freeland, MI, 48623",97,35
Falconview Estates, Saginaw ,179,"9645 Meadowlark, Freeland, MI, 48623",97,35
Lawndale Estates, Saginaw ,667,"4509 Longmeadow Blvd W, Saginaw, MI, 48603",93,35
Birch Forest Manufactured Housing Community, Saginaw ,103,"1 Big Bear, Birch Run, MI, 48415",97,26
Saginaw Valley Mobile Home Park, Saginaw ,179,"6160 Davis Road, Saginaw, MI, 48604",97,35
Robin Glen, Saginaw ,505,"5720 East Washington Road, Saginaw, MI, 48601",97,35
Lakeview Estates on Lawndale, Saginaw ,122,"4231 Lawndale Road, Saginaw, MI, 48603",93,35
Birchwood Farms, Saginaw ,143,"8057 Birchwood Drive, Birch Run, MI, 48415",97,26
Edgewood Village Mobile Home Community, Saginaw ,198,"1490 South Graham Road, Saginaw, MI, 48609",93,26
Peachtree Manor, Saginaw ,86,"7575 Dixie Highway, Bridgeport, MI, 48722",97,26
Stoddard Mobile Court, Saginaw ,125,"16940 South Oakley Road, Chesaning, MI, 48616",71,34
Thomas Crossings, Saginaw ,43,"1723 Cranberry Lake Cir, Saginaw, MI, 48609",93,26
Burt Estates, Saginaw ,112,"11324 East Road, Burt, MI, 48417",93,26
Kris Kay Mobile Home Park, Saginaw ,302,"1800 Graham Road, Saginaw, MI, 48609",93,26
Birch Run Mobile Home Park, Saginaw ,50,"10670 Dixie Highway, Birch Run, MI, 48415",97,26
Saginaw Villas, Saginaw ,469,"4141 Dixie Highway, Saginaw, MI, 48601",94,35
Pleasant Valley Estates, Saginaw ,220,"16105 Doyle Road, Hemlock, MI, 48626",93,26
Bridgeport Mobile Home Park, Saginaw ,,"5948 Dixie Highway, Saginaw, MI, 48601",94,26
Evergreen Trailer Park, Saginaw ,,"614 Owosso Street, Chesaning, MI, 48616",71,26
St. Clair Place, Saint Clair ,100,"2700 Cox Road, Saint Clair, MI, 48079",64,25
The Lakes Estates, Saint Clair ,254,"5901 Lapeer Road, Kimball, MI, 48074",64,25
The Shores of Anchor Bay, Saint Clair ,659,"7061 Bethuy Road, Fair Haven, MI, 48023",63,12
Pinewood on the Lake, Saint Clair ,380,"2109 Redwood Avenue, Columbus, MI, 48063",65,25
Admirals Cove Senior Living, Saint Clair ,500,"10470 Dixie Hwy, Fair Haven, MI, 48023",63,12
Shangri La Mobile Home Community, Saint Clair ,270,"6900 South River Road, Marine City, MI, 48039",63,25
Channel View, Saint Clair ,303,"5150 Taft Road, Clay Township, MI, 48001",63,12
Indian Trail North, Saint Clair ,496,"3650 Metcalf Road, Burtchville, MI, 48059",64,25
Hunters Crossing, Saint Clair ,114,"150 Hunters Crossing Boulevard, Capac, MI, 48014",65,25
Algonac Mobile Home Park, Saint Clair ,30,"3812 Pointe Tremble Road, Algonac, MI, 48001",63,12
Marysville Senior Living, Saint Clair ,230,"3333 Ravenswood Road, Marysville, MI, 48040",64,25
Colonial Estates Mobile Home Park, Saint Joseph ,112,"501 Us Highway 131 North, White Pigeon, MI, 49099",36,17
Klines Resort, Saint Joseph ,244,"22260 Klines Resort Road, Three Rivers, MI, 49093",36,17
Meadow Lane Village, Saint Joseph ,127,"614 13th Street, Three Rivers, MI, 49093",36,17
Memory Lane Mobile Home Park, Saint Joseph ,227,"25039 West Us 12, Sturgis, MI, 49091",36,17
River Run Estates, Saint Joseph ,60,"800 East Hoffman Street, Three Rivers, MI, 49093",36,17
Sturgis Commons, Saint Joseph ,21,"960 W Chicago St, Sturgis, MI, 49091",36,17
Sweet Lake Mobile Home Park, Saint Joseph ,48,"31004 East Chicago Road, Sturgis, MI, 49091",36,17
Washburn Lake Village MHC, Saint Joseph ,42,"59502 Long Lake Road, Colon, MI, 49040",36,17
Village Mobile Home Court, Saint Joseph ,82,"121 South Erie Street, Three Rivers, MI, 49093",36,17
Michiana Mobile Home Park, Saint Joseph ,38,"231 1st St, Sturgis, MI, 49091",36,17
River Forest Mobile Home Park, Saint Joseph ,56,"19013 Fawn River Road, White Pigeon, MI, 49099",36,17
Golden Pond Mobile Home Park, Saint Joseph ,39,"61600 Youngman Road, Three Rivers, MI, 49093",36,17
Hickory Lane Mobile Home Park, Saint Joseph ,32,"14809 West M-60, Three Rivers, MI, 49093",36,17
River's Edge Mobile Home Community, Saint Joseph ,76,"135 North Jane Street, Centreville, MI, 49032",36,17
Camp Withers Mobile Home Park, Saint Joseph ,,"15717 Withers Road, Constantine, MI, 49042",36,17
Midway Mobile Home Park, Saint Joseph ,,"920 West Chicago, Sturgis, MI, 49091",36,17
Rocky's Hide Away, Saint Joseph ,,"Born Street, Three Rivers, MI, 49093",36,17
Huron Shores Estates, Sanilac ,189,"144 Shoreline East, Port Sanilac, MI, 48469",98,25
Eagles Landing Estates, Sanilac ,350,"2335 Peck Road, Croswell, MI, 48422",98,25
Lakeview Manufactured Home Community, Sanilac ,45,"5767 Main Street, Lexington, MI, 48450",98,25
Country Hill Pines, Sanilac ,97,"3997 Peck Road, Croswell, MI, 48422",98,25
Croswell Estates Mobile Home Park, Sanilac ,46,"20 Black River Road, Croswell, MI, 48422",98,25
Lexington North Shore Mobile Home Community, Sanilac ,228,"5203 Main Street, Lexington, MI, 48450",98,25
Deckerville Estates, Sanilac ,43,"2451 Black River Street, Deckerville, MI, 48427",98,25
Huron Bay Resort, Sanilac ,60,"2545 South Lakeshore Drive, Applegate, MI, 48401",98,25
Mapleview Estates, Sanilac ,124,"7120 Maple View Circle, Brown City, MI, 48416",98,25
Sandpiper Estates Co-op, Sanilac ,90,"6103 Lakeshore Road, Lexington, MI, 48450",64,25
Pine Terrace Estates, Sanilac ,56,"2236 Van Dyke Road, Marlette, MI, 48453",98,25
Marlette Subdivision, Sanilac ,,"Lilac Dr, Marlette, MI, 48453",98,25
Countryside Village, Shiawassee ,359,"4600 West Britton Road, Perry, MI, 48872",71,28
Candlewick Court, Shiawassee ,211,"1800 Candlewick Drive, Owosso, MI, 48867",71,28
Holiday Shores RV Resort, Shiawassee ,615,"10915 East Goodall Road, Durand, MI, 48429",71,28
Lakeview Estates, Shiawassee ,239,"8499 East M-71, Durand, MI, 48429",71,28
Leisure Lake, Shiawassee ,425,"10001 East Goodall Road, Durand, MI, 48429",71,28
Morrice Meadows, Shiawassee ,102,"335 E. Third St, Morrice, MI, 48857",71,28
Woods & Fields Communities - West, Shiawassee ,72,"2627 West M 21, Owosso, MI, 48867",71,28
Country Manor, Shiawassee ,44,"5649 Vernon Road, Durand, MI, 48429",71,28
Northwoods Community, Shiawassee ,97,"2100 North Hintz Road, Owosso, MI, 48867",71,28
Woods and Fields Communities - East, Shiawassee ,323,"2450 Krouse Road, Owosso, MI, 48867",71,28
Pleasant Valley Trailer Court, Shiawassee ,,"1704 South M-52, Owosso, MI, 48867",71,28
Van's Mobile Home Park, Shiawassee ,,"9720 East Lansing Road, Durand, MI, 48429",71,28
Creekside Manor, Tuscola ,140,"1655 South Reese Road, Reese, MI, 48757",97,26
Huntsville Mobile Home Park, Tuscola ,60,"6451 Main Street, Cass City, MI, 48726",98,25
Pebble Creek, Tuscola ,128,"1145 Bradford, Reese, MI, 48757",97,26
Pine Crest Mobile Home Estates, Tuscola ,89,"1771 Sunset Dr., Caro, MI, 48723",97,25
Riverview Park, Tuscola ,99,"985 Norma Drive, Caro, MI, 48723",97,25
Sugar Tree Estates, Tuscola ,207,"1347 Cambridge Lane, Caro, MI, 48723",97,25
Villageside Mobile Home Park, Tuscola ,16,"2378 North Thomas Road, Fairgrove, MI, 48733",97,26
Wood Valley Mobile Home Park, Tuscola ,141,"5651 Hasco Road, Millington, MI, 48746",97,26
Vassar Estates, Tuscola ,10,"5656 Freewald, Millington, MI, 48746",97,26
Depot Mobile Home Park, Van Buren ,100,"Dunkley Avenue, South Haven, MI, 49090",38,20
Caro Mobile Estates, Tuscola ,,"165 - 3rd Street, Caro, MI, 48723",97,25
Ber-Wa-Ga-Na Campground, Tuscola ,,"2601 W Sanilac, Vassar, MI, 48768",98,26
Leo's Cabins Trailer Park, Tuscola ,,"533 Goodrich Street, Vassar, MI, 48768",97,26
Walnut Trailer Park, Tuscola ,,"4118 South Seeger Street, Cass City, MI, 48726",98,25
Prospect Manor MHC, Van Buren ,52,"1012 S.  Lagrave Street, Paw Paw, MI, 49079",39,19
Applewood Mobile Home Park, Van Buren ,30,"53425 County Road 687, Hartford, MI, 49057",39,20
Lawrence Mobile Home Park, Van Buren ,60,"175 Corwin Road, Lawrence, MI, 49064",39,20
Meadowbrook Village, Van Buren ,50,"07120 - 68th Street, South Haven, MI, 49090",39,20
Mitchell Brothers Mobile Home Park East, Van Buren ,49,"75641 16th Ave, South Haven, MI, 49090",38,20
Phelps Mobile Home Park, Van Buren ,35,"56630 - 89th Avenue, Decatur, MI, 49045",39,20
The Ravines, Van Buren ,106,"73100 County Road 388, South Haven, MI, 49090",38,20
The Village View, Van Buren ,71,"Becky Blvd, Paw Paw, MI, 49079",39,20
Three Mile Lake Trailer Park, Van Buren ,48,"63381 - 41st Street, Paw Paw, MI, 49079",39,20
West Point Hills, Van Buren ,377,"53914 25th Street, Mattawan, MI, 49071",39,19
Singing Sands RV Park, Van Buren ,150,"262 74th St, South Haven, MI, 49090",38,20
Baseline Mobile Home Park, Van Buren ,75,"M-40 North, Gobles, MI, 49055",39,20
Viking River Mobile Home Park, Van Buren ,25,"63580 54th Avenue, Hartford, MI, 49057",39,20
Shady Brook Mobile Home Park, Van Buren ,20,"43910 30th St, Paw Paw, MI, 49079",39,20
Deal Mobile Home Village, Van Buren ,58,"24575 Pleasant Drive, Mattawan, MI, 49071",39,19
South Haven Manufactured Housing Community, Van Buren ,47,"73561 Chambers Street, South Haven, MI, 49090",38,20
Frosty Acres, Van Buren ,75,"Frosty Road, Lawton, MI, 49065",39,20
East Point Hills, Van Buren ,,"28910 25th Street, Mattawan, MI, 49071",39,19
Wolf Lake Mobile Home Park, Van Buren ,41,"24054 M-43 Route #1, Mattawan, MI, 49071",39,20
Augusta Woods, Washtenaw ,398,"8330 N. Brookston Drive, Willis, MI, 48191",31,15
Orchard Grove, Washtenaw ,290,"2835 South Wagner Rd., Ann Arbor, MI, 48103",33,14
Royal Holiday, Wayne ,436,"39500 West Warren Road, Lot 110, Canton, MI, 48187",24,5
Arbor Woods, Washtenaw ,458,"1993 Arbor Woods Boulevard, Ypsilanti, MI, 48198",32,15
Scio Farms, Washtenaw ,913,"6655 Jackson Road, Ann Arbor, MI, 48103",47,14
Lakeview , Washtenaw ,392,"9910 Geraldine Street, Ypsilanti, MI, 48197",32,15
Sylvan Crossing, Washtenaw ,138,"23351 Redwood Drive, Chelsea, MI, 48118",46,14
Northfield Estates, Washtenaw ,648,"158 Emerald Circle, Whitmore Lake, MI, 48189",48,14
Arbor Meadows, Washtenaw ,409,"5229 West Michigan Avenue, Ypsilanti, MI, 48197",32,15
Saline Meadows, Washtenaw ,148,"6564 East Michigan Avenue Lot 39, Saline, MI, 48176",33,15
Coachville MHC, Washtenaw ,121,"3423 Carpenter Road, Ypsilanti, MI, 48197",33,15
Hamburg Hills, Washtenaw ,152,"7243 Sheldon Road, Whitmore Lake, MI, 48189",48,22
Coventry Woods, Washtenaw ,195,"7243 Sheldon Road, Whitmore Lake, MI, 48189",48,22
Sunnyside Park, Washtenaw ,53,"2740 Packard, Ann Arbor, MI, 48108",33,15
Swan Creek, Wayne ,304,"23379 Island Drive, New Boston, MI, 48164",29,4
Timberlands, Washtenaw ,184,"3375 East Michigan Avenue, Ypsilanti, MI, 48198",32,15
Manchester Manor, Washtenaw ,116,"101 Hibbard Street, Manchester, MI, 48158",47,15
Saline Mobile Home Park, Washtenaw ,81,"475 North Maple Road, Saline, MI, 48176",33,15
Village Estates, Washtenaw ,71,"2580 Holmes Road, Ypsilanti, MI, 48198",32,15
Westridge Mobile Home Park, Washtenaw ,373,"1515 Ridge Road, Ypsilanti, MI, 48198",32,15
Whittaker Oaks, Washtenaw ,228,"11333 Whittaker Road, Whittaker, MI, 48190",31,15
College Park Estates, Wayne ,230,"51074 Mott Road #243, Canton, MI, 48188",24,5
Sherwood Village, Wayne ,385,"41275 Old Michigan, Canton, MI, 48188",25,5
Deerfield Estates, Wayne ,822,"26211 Telegraph Road, Flat Rock, MI, 48134",28,4
Metro Commons, Wayne ,227,"28745 Van Born Rd., Romulus, MI, 48174",26,4
Northville Crossing, Wayne ,756,"9800 Bloomsbury Circle, Northville, MI, 48167",23,14
West Village Estates, Wayne ,629,"7040 Shawnee, Romulus, MI, 48174",26,4
Academy / West Point, Wayne ,441,"41021 Old Michigan Ave, Canton, MI, 48188",25,5
Tela Valley Manufactured Home Community, Wayne ,488,"17707 Telegraph Road, Brownstown Township, MI, 48174",28,4
Holiday West, Wayne ,844,"50333 Willis Road, Belleville, MI, 48111",31,4
Plymouth Hills, Wayne ,632,"14150 D Drive, Plymouth, MI, 48170",23,13
Crestwood Estates, Wayne ,196,"26235 West Warren Avenue, Dearborn Heights, MI, 48127",15,2
Woodhaven Place, Wayne ,220,"23501 Van Horn Road, Woodhaven, MI, 48183",28,4
American Presidential Estates, Wayne ,503,"6300 West Adams, Belleville, MI, 48111",31,4
Rawsonville Woods, Wayne ,536,"10825 Rawsonville Road, Belleville, MI, 48111",31,4
North Huron Manufactured Housing Community, Wayne ,96,"33151 Fort Road Site #6, Rockwood, MI, 48173",28,4
Capitol Hills, Wayne ,503,"6300 West Adams, Belleville, MI, 48111",31,4